/**** Start of imports. If edited, may not auto-convert in the playground. ****/
var image = ee.Image("users/tjrichmond907/AP_UVIC_1969"),
    trees_1969 = /* color: #02d617 */ee.Geometry.MultiPolygon(
        [[[[-123.31307713717477, 48.46205398321488],
           [-123.31322734087962, 48.46198283854471],
           [-123.31334535807626, 48.46184766339668],
           [-123.3134419176008, 48.46171960239804],
           [-123.31350629061717, 48.46157019749129],
           [-123.31360285014169, 48.461463479431515],
           [-123.31368868083015, 48.461292730069175],
           [-123.3138710710432, 48.46110063635],
           [-123.31390325755136, 48.46099391730303],
           [-123.313838884535, 48.46086585415046],
           [-123.31382815569896, 48.46075913460988],
           [-123.31372086733835, 48.460730676027836],
           [-123.31153218478221, 48.46068798812484],
           [-123.31151072711008, 48.460781367866],
           [-123.31153218478221, 48.46094856164013],
           [-123.31158582896249, 48.46101970775994],
           [-123.31169848174112, 48.46112642675271],
           [-123.31181649893774, 48.46121891636495],
           [-123.31193451613443, 48.46128294753626],
           [-123.31204180449501, 48.461336306783956],
           [-123.31209544867531, 48.46137899414174],
           [-123.31211690634743, 48.461471483293785],
           [-123.31212763518349, 48.46153907141369],
           [-123.3122027370359, 48.46163511753457],
           [-123.31227180331224, 48.46170259424066],
           [-123.3122979543776, 48.46177718543811],
           [-123.3123287990557, 48.46191925330726],
           [-123.31252661203598, 48.46193515004287],
           [-123.31270296761866, 48.46199373333846],
           [-123.31285820061206, 48.46203547514586],
           [-123.31287144420858, 48.46209903276263],
           [-123.31292760321189, 48.462127018084125]]],
         [[[-123.31156437129037, 48.46169492093452],
           [-123.31159119338052, 48.4616522338424],
           [-123.31177358359353, 48.4616522338424],
           [-123.31181113451974, 48.46150282873736],
           [-123.31184332102792, 48.46141033964244],
           [-123.31186477870004, 48.46131073581326],
           [-123.31171457499521, 48.46124314738934],
           [-123.31163947314279, 48.461211131788666],
           [-123.31148926943796, 48.461339194070135],
           [-123.31140343874948, 48.46147437057225],
           [-123.31140343874948, 48.461573974080316],
           [-123.31133370131509, 48.461595317663786],
           [-123.31132297247903, 48.46167357739294],
           [-123.31139270991342, 48.461723378975975],
           [-123.3115321847822, 48.46171982172166]]],
         [[[-123.31130687922494, 48.461858554454984],
           [-123.31128542155282, 48.461723378975975],
           [-123.3112264129545, 48.46160243218958],
           [-123.31114058226602, 48.46159887492679],
           [-123.31112448901193, 48.46152772961876],
           [-123.3112264129545, 48.46147792784378],
           [-123.31126932829874, 48.461403225089704],
           [-123.31127469271676, 48.46132140766146],
           [-123.31129078597085, 48.461225360947026],
           [-123.3113712522413, 48.46118267346002],
           [-123.31143562525766, 48.46121468907862],
           [-123.31148926943796, 48.46117200158269],
           [-123.31145171851175, 48.46101548045704],
           [-123.31141416758554, 48.46097990740662],
           [-123.31130151480691, 48.46098702201869],
           [-123.31113521784799, 48.46101548045704],
           [-123.31100647181528, 48.46102259506413],
           [-123.31094209879892, 48.46100125123985],
           [-123.3108669969465, 48.461054610783684],
           [-123.31080798834817, 48.46105105348253],
           [-123.31079725951211, 48.46095144894836],
           [-123.31072483986871, 48.46077980853355],
           [-123.31070874661462, 48.460676646139724],
           [-123.31025813550012, 48.46065174484084],
           [-123.31004892319696, 48.46071577672758],
           [-123.30994163483636, 48.460762021928886],
           [-123.30980215996759, 48.46081893904189],
           [-123.30965732068078, 48.46089719996806],
           [-123.30949638813989, 48.460979018080046],
           [-123.3093730065252, 48.461057278759405],
           [-123.30927108258264, 48.461117752838106],
           [-123.30913160771387, 48.46121024246614],
           [-123.30900286168115, 48.46130273192568],
           [-123.30890630215661, 48.461380992105944],
           [-123.3088312003042, 48.46145569489274],
           [-123.30880974263208, 48.46148771033915],
           [-123.30891703099267, 48.46157664202877],
           [-123.30916915864007, 48.46170826064343],
           [-123.30923889607446, 48.461754504940544],
           [-123.309335455599, 48.46180430644415],
           [-123.30948565930383, 48.461886123094025],
           [-123.30960367650049, 48.461950153423665],
           [-123.30968950718896, 48.46196438237483],
           [-123.30979679554956, 48.461971496848925],
           [-123.3098933550741, 48.46196438237483],
           [-123.30993627041833, 48.46198216855819],
           [-123.31002210110681, 48.46198572579411],
           [-123.31005428761499, 48.46201774090622],
           [-123.31004892319696, 48.46209244275592],
           [-123.31005965203302, 48.46216358727244],
           [-123.31013475388544, 48.46219560227237],
           [-123.31016694039361, 48.46228808993647],
           [-123.31022058457391, 48.46231654764537],
           [-123.3103439661886, 48.46232366207008],
           [-123.31039224595087, 48.46225963221162],
           [-123.31041370362298, 48.46218493060798],
           [-123.31049416989343, 48.46217070171863],
           [-123.31052635640161, 48.4622276172521],
           [-123.31054781407373, 48.46229520436518],
           [-123.31058000058191, 48.462330776493815],
           [-123.31061755150812, 48.46236990580652],
           [-123.31070874661462, 48.46236990580652],
           [-123.31077311963098, 48.46236990580652],
           [-123.31081603497522, 48.462409035089074],
           [-123.31085895031946, 48.46243393552593],
           [-123.31089113682764, 48.46250152236428],
           [-123.3109394165899, 48.462529979953516],
           [-123.31103597611444, 48.46253353715107],
           [-123.31112180680292, 48.46270783952474],
           [-123.31120763749139, 48.46271139670982],
           [-123.31126664608972, 48.46276475445591],
           [-123.31127737492578, 48.46283234085378],
           [-123.31132565468805, 48.4628785841268],
           [-123.31137929886835, 48.46292127018757],
           [-123.31145440072076, 48.46291059867575],
           [-123.31147585839288, 48.462974627713045],
           [-123.31156168908136, 48.46305999963713],
           [-123.3116421553518, 48.46308489975461],
           [-123.31171189278619, 48.46303509950742],
           [-123.31178699463861, 48.46308489975461],
           [-123.31182454556482, 48.46312758564186],
           [-123.31188891858118, 48.46312758564186],
           [-123.31196402043359, 48.463134699952924],
           [-123.31195865601556, 48.463184500102365],
           [-123.31194256276147, 48.46327342881913],
           [-123.31204985112207, 48.46331967169026],
           [-123.31215177506463, 48.46332322883246],
           [-123.31217859715478, 48.46328765739937],
           [-123.31218396157281, 48.46323785735112],
           [-123.31214104622858, 48.46320940015877],
           [-123.31209813088434, 48.463184500102365],
           [-123.31207667321222, 48.46315604288009],
           [-123.31204985112207, 48.46312758564186],
           [-123.31209276646631, 48.46308134259572],
           [-123.31213031739252, 48.46304577099309],
           [-123.31213031739252, 48.46300664220139],
           [-123.31211958855646, 48.46294972754147],
           [-123.3121088597204, 48.46290348433328],
           [-123.3121088597204, 48.462839455206215],
           [-123.31211422413843, 48.46265803890761],
           [-123.31228052109735, 48.462665153284476],
           [-123.31240390271203, 48.462665153284476],
           [-123.31248436898248, 48.462665153284476],
           [-123.31249509781854, 48.46257978069629],
           [-123.31248436898248, 48.462512193962105],
           [-123.31250046223657, 48.46242682111664],
           [-123.31249509781854, 48.4623592341788],
           [-123.312398538294, 48.46238769184781],
           [-123.31235562294977, 48.46242682111664],
           [-123.31232343644159, 48.462384134640054],
           [-123.31224297017114, 48.46244816434147],
           [-123.31216786831872, 48.46244460713795],
           [-123.31210349530237, 48.46241259229509],
           [-123.31202839344995, 48.462409035089074],
           [-123.3119479271795, 48.46237346301528],
           [-123.31184600323694, 48.4623058760064],
           [-123.31176553696649, 48.462245403343225],
           [-123.31172798604028, 48.46217070171863],
           [-123.31168507069604, 48.462138686703014],
           [-123.3116046044256, 48.46213157225237],
           [-123.31150804490106, 48.46213157225237],
           [-123.31141148537652, 48.46213157225237],
           [-123.3113524767782, 48.46208888552747],
           [-123.31133101910608, 48.46202485537283]]]]);
/***** End of imports. If edited, may not auto-convert in the playground. *****/

Map.addLayer(image);
Map.centerObject(image);
